G-group

--E-group--1zone
1 2.375887 0.016718 0.13958 0.007883 0 0 0
2 1.708549 0.012011 0.19373 0.004221 0.012916 0 -0.00071
3 1.339938 0.009169 0.24813 0.004366 0.009366 0.000409 -0.00137
4 0.983045 0.014011 0.33909 0.011926 0.004590 0 -0.00064

--E-group--2zone
1 1.828583 0.021740 0.18083 0.004882 0 0 0
2 1.286833 0.015196 0.25667 0.000527 0.018165 0 -0.00145
3 1.039034 0.011147 0.31959 0.000549 0.013112 0.000570 -0.00249
4 0.864228 0.012501 0.38570 0.002194 0.005928 0 -0.00122

koefx
x1 = 0.904
x2 = 0.083
x3 = 0.013
x4 = 0


