*Heading
 C:\Users\ILDAR\Desktop\abaqus_INP
*NODE
1, 0, 0, 0
2, 1, 0, 0
3, 0.8854560256584112, 0.4647231720338584, 0
4, 0.5680647467396709, 0.8229838658877788, 0
5, 0.120536680265098, 0.9927088740968671, 0
6, -0.3546048870337934, 0.9350162426887303, 0
7, -0.7485107481652777, 0.6631226582473685, 0
8, -0.9709418174240966, 0.2393156642954915, 0
9, -0.9709418174275672, -0.2393156642814105, 0
10, -0.7485107481732207, -0.6631226582384027, 0
11, -0.3546048870425501, -0.9350162426854094, 0
12, 0.1205366802582099, -0.9927088740977035, 0
13, 0.5680647467361575, -0.822983865890204, 0
14, 0.8854560256573582, -0.4647231720358646, 0
15, 2.145581364280921e-16, 1.126087968895484e-16, 0
16, 0.5508891417029498, 0.1357819784113343, 0
17, -0.06838962657954212, 0.5632392485279257, 0
18, -0.5149639154749803, 3.734131568334963e-12, 0
19, 0.1826087210801805, -0.4814996253652443, 0
20, -0.3076469390536293, -0.4457035376493879, 0
21, 0.5293712794008012, -0.2778354802780221, 0
22, 0.3396184034555362, 0.4920222003008352, 0
23, -0.4474983295845516, 0.3964489255531957, 0
24, -0.6355158550323493, -0.3370354650413667, 0
25, -0.08977660618944724, -0.7137320699494363, 0
******* E L E M E N T S *************
*ELEMENT, type=T3D2, ELSET=Line1
3, 2, 3
4, 3, 4
5, 4, 5
6, 5, 6
7, 6, 7
8, 7, 8
9, 8, 9
10, 9, 10
11, 10, 11
12, 11, 12
13, 12, 13
14, 13, 14
15, 14, 2
*ELEMENT, type=CPS3, ELSET=Surface3
143, 15, 21, 16
149, 15, 16, 22
142, 15, 19, 21
148, 15, 22, 17
155, 15, 17, 23
154, 15, 23, 18
137, 15, 18, 20
136, 15, 20, 19
106, 2, 3, 16
113, 5, 6, 17
120, 8, 9, 18
127, 12, 13, 19
146, 3, 22, 16
140, 2, 16, 21
152, 6, 23, 17
151, 8, 18, 23
145, 5, 17, 22
138, 13, 21, 19
141, 2, 21, 14
147, 3, 4, 22
139, 13, 14, 21
153, 6, 7, 23
150, 7, 8, 23
144, 4, 5, 22
135, 10, 11, 20
158, 9, 24, 18
162, 12, 19, 25
157, 10, 20, 24
160, 11, 25, 20
159, 18, 24, 20
163, 19, 20, 25
156, 9, 10, 24
161, 11, 12, 25
