$MeshFormat
2.2 0 8
$EndMeshFormat
$Nodes
25
1 0 0 0
2 1 0 0
3 0.8854560256584112 0.4647231720338584 0
4 0.5680647467396709 0.8229838658877788 0
5 0.120536680265098 0.9927088740968671 0
6 -0.3546048870337934 0.9350162426887303 0
7 -0.7485107481652777 0.6631226582473685 0
8 -0.9709418174240966 0.2393156642954915 0
9 -0.9709418174275672 -0.2393156642814105 0
10 -0.7485107481732207 -0.6631226582384027 0
11 -0.3546048870425501 -0.9350162426854094 0
12 0.1205366802582099 -0.9927088740977035 0
13 0.5680647467361575 -0.822983865890204 0
14 0.8854560256573582 -0.4647231720358646 0
15 2.145581364280921e-16 1.126087968895484e-16 0
16 0.5508891417029498 0.1357819784113343 0
17 -0.06838962657954212 0.5632392485279257 0
18 -0.5149639154749803 3.734131568334963e-12 0
19 0.1826087210801805 -0.4814996253652443 0
20 -0.3076469390536293 -0.4457035376493879 0
21 0.5293712794008012 -0.2778354802780221 0
22 0.3396184034555362 0.4920222003008352 0
23 -0.4474983295845516 0.3964489255531957 0
24 -0.6355158550323493 -0.3370354650413667 0
25 -0.08977660618944724 -0.7137320699494363 0
$EndNodes
$Elements
48
1 15 2 0 1 1
2 15 2 0 2 2
3 1 2 0 1 2 3
4 1 2 0 1 3 4
5 1 2 0 1 4 5
6 1 2 0 1 5 6
7 1 2 0 1 6 7
8 1 2 0 1 7 8
9 1 2 0 1 8 9
10 1 2 0 1 9 10
11 1 2 0 1 10 11
12 1 2 0 1 11 12
13 1 2 0 1 12 13
14 1 2 0 1 13 14
15 1 2 0 1 14 2
16 2 2 0 3 15 21 16
17 2 2 0 3 15 16 22
18 2 2 0 3 15 19 21
19 2 2 0 3 15 22 17
20 2 2 0 3 15 17 23
21 2 2 0 3 15 23 18
22 2 2 0 3 15 18 20
23 2 2 0 3 15 20 19
24 2 2 0 3 2 3 16
25 2 2 0 3 5 6 17
26 2 2 0 3 8 9 18
27 2 2 0 3 12 13 19
28 2 2 0 3 3 22 16
29 2 2 0 3 2 16 21
30 2 2 0 3 6 23 17
31 2 2 0 3 8 18 23
32 2 2 0 3 5 17 22
33 2 2 0 3 13 21 19
34 2 2 0 3 2 21 14
35 2 2 0 3 3 4 22
36 2 2 0 3 13 14 21
37 2 2 0 3 6 7 23
38 2 2 0 3 7 8 23
39 2 2 0 3 4 5 22
40 2 2 0 3 10 11 20
41 2 2 0 3 9 24 18
42 2 2 0 3 12 19 25
43 2 2 0 3 10 20 24
44 2 2 0 3 11 25 20
45 2 2 0 3 18 24 20
46 2 2 0 3 19 20 25
47 2 2 0 3 9 10 24
48 2 2 0 3 11 12 25
$EndElements
