 MeshVersionFormatted 2
 Dimension
 3
 Vertices
 25
                    0                         0                         0      1
                    1                         0                         0      2
     0.88545602565841          0.46472317203386                         0      1
     0.56806474673967          0.82298386588778                         0      1
      0.1205366802651          0.99270887409687                         0      1
    -0.35460488703379          0.93501624268873                         0      1
    -0.74851074816528          0.66312265824737                         0      1
     -0.9709418174241          0.23931566429549                         0      1
    -0.97094181742757         -0.23931566428141                         0      1
    -0.74851074817322          -0.6631226582384                         0      1
    -0.35460488704255         -0.93501624268541                         0      1
     0.12053668025821          -0.9927088740977                         0      1
     0.56806474673616          -0.8229838658902                         0      1
     0.88545602565736         -0.46472317203586                         0      1
  2.1455813642809E-16       1.1260879688955E-16                         0      3
     0.55088914170295          0.13578197841133                         0      3
   -0.068389626579542          0.56323924852793                         0      3
    -0.51496391547498        3.734131568335E-12                         0      3
     0.18260872108018         -0.48149962536524                         0      3
    -0.30764693905363         -0.44570353764939                         0      3
      0.5293712794008         -0.27783548027802                         0      3
     0.33961840345554          0.49202220030084                         0      3
    -0.44749832958455           0.3964489255532                         0      3
    -0.63551585503235         -0.33703546504137                         0      3
   -0.089776606189447         -0.71373206994944                         0      3
 Edges
 13
 2 3 1
 3 4 1
 4 5 1
 5 6 1
 6 7 1
 7 8 1
 8 9 1
 9 10 1
 10 11 1
 11 12 1
 12 13 1
 13 14 1
 14 2 1
 Triangles
 33
 15 21 16 3
 15 16 22 3
 15 19 21 3
 15 22 17 3
 15 17 23 3
 15 23 18 3
 15 18 20 3
 15 20 19 3
 2 3 16 3
 5 6 17 3
 8 9 18 3
 12 13 19 3
 3 22 16 3
 2 16 21 3
 6 23 17 3
 8 18 23 3
 5 17 22 3
 13 21 19 3
 2 21 14 3
 3 4 22 3
 13 14 21 3
 6 7 23 3
 7 8 23 3
 4 5 22 3
 10 11 20 3
 9 24 18 3
 12 19 25 3
 10 20 24 3
 11 25 20 3
 18 24 20 3
 19 20 25 3
 9 10 24 3
 11 12 25 3
 End
