    -1
  2411
         1         1         1        11
   0.0000000000000000D+00   0.0000000000000000D+00   0.0000000000000000D+00
         2         1         1        11
   1.0000000000000000D+00   0.0000000000000000D+00   0.0000000000000000D+00
         3         1         1        11
   8.8545602565841119D-01   4.6472317203385838D-01   0.0000000000000000D+00
         4         1         1        11
   5.6806474673967089D-01   8.2298386588777883D-01   0.0000000000000000D+00
         5         1         1        11
   1.2053668026509801D-01   9.9270887409686714D-01   0.0000000000000000D+00
         6         1         1        11
  -3.5460488703379339D-01   9.3501624268873029D-01   0.0000000000000000D+00
         7         1         1        11
  -7.4851074816527774D-01   6.6312265824736849D-01   0.0000000000000000D+00
         8         1         1        11
  -9.7094181742409658D-01   2.3931566429549148D-01   0.0000000000000000D+00
         9         1         1        11
  -9.7094181742756724D-01  -2.3931566428141046D-01   0.0000000000000000D+00
        10         1         1        11
  -7.4851074817322072D-01  -6.6312265823840266D-01   0.0000000000000000D+00
        11         1         1        11
  -3.5460488704255005D-01  -9.3501624268540939D-01   0.0000000000000000D+00
        12         1         1        11
   1.2053668025820991D-01  -9.9270887409770348D-01   0.0000000000000000D+00
        13         1         1        11
   5.6806474673615748D-01  -8.2298386589020400D-01   0.0000000000000000D+00
        14         1         1        11
   8.8545602565735815D-01  -4.6472317203586461D-01   0.0000000000000000D+00
        15         1         1        11
   2.1455813642809210D-16   1.1260879688954838D-16   0.0000000000000000D+00
        16         1         1        11
   5.5088914170294978D-01   1.3578197841133430D-01   0.0000000000000000D+00
        17         1         1        11
  -6.8389626579542118D-02   5.6323924852792573D-01   0.0000000000000000D+00
        18         1         1        11
  -5.1496391547498033D-01   3.7341315683349632D-12   0.0000000000000000D+00
        19         1         1        11
   1.8260872108018050D-01  -4.8149962536524427D-01   0.0000000000000000D+00
        20         1         1        11
  -3.0764693905362933D-01  -4.4570353764938786D-01   0.0000000000000000D+00
        21         1         1        11
   5.2937127940080120D-01  -2.7783548027802213D-01   0.0000000000000000D+00
        22         1         1        11
   3.3961840345553618D-01   4.9202220030083516D-01   0.0000000000000000D+00
        23         1         1        11
  -4.4749832958455155D-01   3.9644892555319566D-01   0.0000000000000000D+00
        24         1         1        11
  -6.3551585503234931D-01  -3.3703546504136672D-01   0.0000000000000000D+00
        25         1         1        11
  -8.9776606189447244D-02  -7.1373206994943628D-01   0.0000000000000000D+00
    -1
    -1
  2412
         3        21         1         0         7         2
         0         0         0
         2         3
         4        21         1         0         7         2
         0         0         0
         3         4
         5        21         1         0         7         2
         0         0         0
         4         5
         6        21         1         0         7         2
         0         0         0
         5         6
         7        21         1         0         7         2
         0         0         0
         6         7
         8        21         1         0         7         2
         0         0         0
         7         8
         9        21         1         0         7         2
         0         0         0
         8         9
        10        21         1         0         7         2
         0         0         0
         9        10
        11        21         1         0         7         2
         0         0         0
        10        11
        12        21         1         0         7         2
         0         0         0
        11        12
        13        21         1         0         7         2
         0         0         0
        12        13
        14        21         1         0         7         2
         0         0         0
        13        14
        15        21         1         0         7         2
         0         0         0
        14         2
       143        91         3         0         7         3
        15        21        16
       149        91         3         0         7         3
        15        16        22
       142        91         3         0         7         3
        15        19        21
       148        91         3         0         7         3
        15        22        17
       155        91         3         0         7         3
        15        17        23
       154        91         3         0         7         3
        15        23        18
       137        91         3         0         7         3
        15        18        20
       136        91         3         0         7         3
        15        20        19
       106        91         3         0         7         3
         2         3        16
       113        91         3         0         7         3
         5         6        17
       120        91         3         0         7         3
         8         9        18
       127        91         3         0         7         3
        12        13        19
       146        91         3         0         7         3
         3        22        16
       140        91         3         0         7         3
         2        16        21
       152        91         3         0         7         3
         6        23        17
       151        91         3         0         7         3
         8        18        23
       145        91         3         0         7         3
         5        17        22
       138        91         3         0         7         3
        13        21        19
       141        91         3         0         7         3
         2        21        14
       147        91         3         0         7         3
         3         4        22
       139        91         3         0         7         3
        13        14        21
       153        91         3         0         7         3
         6         7        23
       150        91         3         0         7         3
         7         8        23
       144        91         3         0         7         3
         4         5        22
       135        91         3         0         7         3
        10        11        20
       158        91         3         0         7         3
         9        24        18
       162        91         3         0         7         3
        12        19        25
       157        91         3         0         7         3
        10        20        24
       160        91         3         0         7         3
        11        25        20
       159        91         3         0         7         3
        18        24        20
       163        91         3         0         7         3
        19        20        25
       156        91         3         0         7         3
         9        10        24
       161        91         3         0         7         3
        11        12        25
    -1
    -1
  2477
    -1
